64853
64856
64859
64862
64865
64868
64871
64874
64877
64880
64883
64910
64913
64916
64919
64922
64925
64928
64931
64934
64937
64940
64967
64970
64973
64976
64979
64982
64985
64988
64991
64994
64997
65030
65033
65036
65039
65042
65045
65048
65051
65054
65057
65060
65087
65090
65093
65096
65099
65102
65105
65108
65111
65114
65117
65147
65150
65153
65156
65159
65162
65165
65168
65171
65174
65177
65210
65213
65219
65222
65225
65228
65231
65234
65237
65240
65243
65276
65279
65282
65285
65288
65291
65294
65297
65300
65303
65306
65339
65342
65345
65348
65351
65354
65357
65360
65363
65366
65369
65396
65399
65402
65405
65408
65411
65414
65417
65420
65423
65426
65441
65444
65447
65450
65453
65456
65459
65462
65465
65468
65471
